- b: [-0.24308511838632807, 1.6773825722282145, -0.043950108306345256]
- b: [-0.15032504008667313, 2.7829802981103984, -0.0390165272574868]
  t: 4.5
- b: [2.4779186316550996, 2.7799642855102102, -0.051570444209444184]
  t: 5.445
- b: [2.3366395017631225, 2.764382047392791, -1.56517669380392]
- b: [2.5346194564598745, -2.852564175432872, -1.493042780585724]
  t: 10.125
