image: hotch.pgm
resolution: 0.050000
origin: [14.000000, -10.000000, 1.5707]
negate: 0
occupied_thresh: 0.65
free_thresh: 0.196

