- l: [0.3292583894780788, -0.03493414183227341, 0.6699489067166763, -1.4149621399008583, 1.2703345287935512, -0.48725082051385665, -0.5777504910720044]
  r: [-0.8532298327757201, -0.22247520959465278, -1.0092271645889332, -1.7713876313271033, 0.5962091239276079, -0.09518803099664908, -1.202578403239269]
- l: [0.3083659219041184, -0.033834407831915485, 0.6415661024492064, -1.348512383375819, 1.2255608834938174, -0.14348684280696117, -0.37103961167883126]
  r: [-0.853561459245148, -0.22247520959465278, -1.0092271645889332, -1.7713876313271033, 0.5962091239276079, -0.09518803099664908, -1.202578403239269]
