- l: [-0.4564476232140753, 0.07774629574286021, 1.121668452600646, -0.9137659370910853, 0.6653118463776391, -0.4677588243092382, -0.5176211634943646]
  r: [-1.7060072989096757, -0.31155366362364334, -1.5855424105623044, -1.4378359122994557, 0.1430928918438676, -1.1478428438862358, -0.022529472298069564]
