image: map.pgm
resolution: 0.050000
origin: [15.5000000, -9.000000, 1.57070000]
negate: 0
occupied_thresh: 0.65
free_thresh: 0.196

