- h: [0.0, -1.0]
  r: [-1.3433737545902198, 1.295919065207204, -1.4218201328386506, -1.4103294771365855, -1.5141104551157902, -1.4418247062864498, 8.10272314654443]
  transition: service
- r: [-1.3433737545902198, 1.295919065207204, -1.4218201328386506, -1.4103294771365855, -1.5141104551157902, -1.4418247062864498, 8.10272314654443]
- r: [-1.3433737545902198, 1.295919065207204, -1.4218201328386506, -1.4103294771365855, -1.5141104551157902, -1.4418247062864498, 8.10272314654443]
- r: [-1.3433737545902198, 1.295919065207204, -1.4218201328386506, -1.4103294771365855, -1.5141104551157902, -1.4418247062864498, 8.10272314654443]
- r: [-1.4098648617105227, 0.8603398061423669, -2.2927071948535023, -1.7433021133186992, -1.2105289427992487, -0.446210087647431, 8.208232277785948]
