- l: [-0.5629826265178017, -0.12621206386197997, 1.4951348432161111, -1.7981702129330563, 2.984922186008164, -1.4708178191772987, -2.99876]
  r: [-1.8231543492350966, -0.053623743078161236, -1.4684833873122878, -0.955894214103692, 0.1865360541437382, -0.5513095098913433, 0.07154880580061396]
