- label: OpenHands
  l: [0.68, -0.19, 0.66, -1.57, 1.73, -2.00, 3.70]
  lh: [0.08]
  r: [-0.57, -0.15, -0.53, -1.30, -1.61, -1.84, 1.88]
  rh: [0.08]
- label: CloseHands
  l: [0.68, -0.19, 0.66, -1.57, 1.73, -2.00, 3.70]
  lh: [0.0]
  r: [-0.57, -0.15, -0.53, -1.30, -1.61, -1.84, 1.88]
  rh: [0.0]
- l: [0.3123454395372537, -0.09948006816097246, 0.7961481550697769, -1.6033088354108278, 1.8357898037352796, -1.8571335207415953, 3.655014800817038]
  r: [-0.318399244205805, -0.04465668122908902, -0.7042322848334098, -1.5404783466703766, -0.8972869669619634, -1.8600458336437824, -0.01534376695828743]
  label: CasualBlanketHold
- l: [-0.5629826265178017, -0.12621206386197997, 1.4951348432161111, -1.7981702129330563, 2.984922186008164, -1.4708178191772987, -2.99876]
  r: [-1.8231543492350966, -0.053623743078161236, -1.4684833873122878, -0.955894214103692, 0.1865360541437382, -0.5513095098913433, 0.07154880580061396]
  label: SpreadBlanket