- l: [0.1630306216773224, 0.8264959601403886, 1.6404163159072278, -1.5578508320364002, 1.1717052455428456, -0.25308581253783935, -0.3659490680271784]
  r: [-2.0217156978050776, -0.06682055108245621, -1.1317382519355264, -1.0397164559947543, -0.6837155219404939, -0.6340460064301257, -0.9252090376043546]
