- l: [1.0017968694779473, 0.5914912637562134, 1.021446686119467, -2.1060975160458195, 0.6036468516883411, -0.5705312444764895, -0.32855625898158425]
  r: [-0.8933566355765012, 0.6993556674745897, -0.9308136544940591, -2.0273422490531807, -0.3055112674577296, -0.8585678555695238, 0.2967317319060716]
  b: [-0.5, 0, 0, '/wheelchair']
  lh: [0.08]
  rh: [0.08]
  t: 5.0 
- l: [0.6860884705825456, 0.27865923811594007, 0.9399864343235649, -1.2685989506921118, 0.6048616405143028, -1.1505051494040839, -0.26155252202820845]
  r: [-0.6710010878250655, 0.35784596290190623, -0.8426184999906216, -1.4120667256731878, -0.7873196546689482, -1.0280350993574432, 0.16659655188818467]
  lh: [0.08]
  rh: [0.08]
- l: [0.6860884705825456, 0.27865923811594007, 0.9399864343235649, -1.2685989506921118, 0.6048616405143028, -1.1505051494040839, -0.26155252202820845]
  r: [-0.6710010878250655, 0.35784596290190623, -0.8426184999906216, -1.4120667256731878, -0.7873196546689482, -1.0280350993574432, 0.16659655188818467]
  lh: [0.0]
  rh: [0.0]