- b: [0.5163779668412696, -3.5954385497673305, 0.012430877525416226]
  h: [1.5044901858775366, -0.16032594508819908]
  l: [1.417241929053803, 1.064207694063906, 1.8435858809178738, -1.1530719230080566, 1.1110236513317073, -1.4413622802698716, -1.1737524127962855]
  lh: [0.0054040671969378265]
  r: [-1.3248855789196121, 1.2740089801231504, -1.2170470195643062, -1.3570538553474472, -1.818154744127936, -1.6017832733544224, 1.46302676805512]
  rh: [0.004962731191608463]
- h: [0.2603147753008587, 0.18818139995002858]
- b: [1.1400326565910506, -2.4201532176000273, -0.6243414387398553]
  h: [-0.05447280858883856, 0.2777167905773377]
- l: [0.9142474815489704, 0.12520404760445916, 1.194629898598944, -1.4976262161008527, 0.46255780661592416, -0.945273573294297, -0.19280030023083006]
  r: [-0.7399793934660776, 0.27655024179852533, -0.8028505030508899, -1.1412007246746074, -0.6250585757726257, -1.4937941336672291, 0.22572009826285444]
  t: 4.5
